SNP	R2	rs10864536	rs2066470	rs198368	P	R2_predicted
rs4845875	0.0006798	0.6323	-0.0195	0.3376	0.7564	0.000524538319428961
rs4845876	0.07486	0.9562	0.2782	-0.0905	0.001216	0.0791164645187206
rs4845877	0.005918	0.8046	0.1499	0.4139	0.3594	0.00546426305145708
rs4845879	0.004923	0.8042	0.1443	0.4164	0.405	0.00515829794319168
rs10864536	0.06841	1	0.1776	-0.0723	0.001666	0.06841
rs6677253	0.001101	0.6227	-0.1491	0.4834	0.694	0.00265063031747419
rs6662190	0.002226	0.6227	-0.1472	0.4834	0.5771	0.00260582388079777
rs12564559	0.04448	-0.2824	0.2876	0.649	0.01116	0.0324402121297574
rs10218813	0.0001517	0.5539	0.0941	0.4411	0.8835	9.61361493859183e-06
rs114941496	0.01284	-0.1546	0.6276	-0.076	0.1763	0.0184245331647858
rs4846037	0.0005252	0.554	0.0915	0.4289	0.7866	3.71178489848713e-05
rs145488887	0.06152	0.3841	0.6417	-0.1409	0.002918	0.070473098132514
rs4845880	0.0004644	0.5553	0.0895	0.4298	0.7984	3.1680013904367e-05
rs4845881	1.714e-05	0.5553	0.0813	0.4298	0.9607	1.40062594174431e-05
rs72638682	0.08038	0.1634	0.9764	-0.167	0.0006007	0.0936640250877008
rs12131667	0.06221	0.1144	0.9179	-0.0874	0.003924	0.0673509815231501
rs59911871	0.02228	0.8213	-0.1615	-0.105	0.07945	0.0247964644051295
rs114951726	0.07193	0.1969	0.9511	-0.1567	0.001251	0.0923538231302781
rs55990971	0.1249	-0.2142	-0.1239	0.9306	1.599e-05	0.118025374210708
rs6667720	0.003705	0.6081	-0.2369	0.5397	0.4702	0.00829301505660663
rs11121827	0.01666	0.6946	0.3687	0.4099	0.1231	0.0107049884478772
rs61773952	0.01511	0.7436	-0.1172	-0.0375	0.1479	0.0175301551398998
rs112234774	0.01154	0.2697	-0.0498	-0.093	0.2033	0.00484102848353593
rs77157935	0.1239	-0.2063	-0.1187	0.9283	1.87e-05	0.115669885612482
rs61773953	0.01609	0.7373	-0.1152	-0.0448	0.1339	0.0178865019444122
rs11804825	0.003872	0.6045	-0.2393	0.5424	0.4636	0.00867253228546241
rs12076233	0.02957	0.7978	-0.15	-0.0812	0.04072	0.0220404606532589
rs72638693	0.0905	0.1944	0.9771	-0.171	0.0002486	0.0983219208856641
rs6689912	0.003125	0.6037	-0.2272	0.5352	0.5073	0.00781389374479536
rs11121829	0.00275	0.6057	-0.2231	0.5362	0.5325	0.00762945401857342
rs6659287	0.02798	0.6899	0.3629	0.407	0.0516	0.0104124910463774
rs6699669	0.002472	-0.0399	0.0538	0.0499	0.5669	0.000103825045905968
rs6659541	0.02991	0.6704	0.3796	0.3948	0.04487	0.0111431946452811
rs12132479	0.01521	0.6962	-0.1251	-0.0472	0.1423	0.0153671326397034
rs148411205	0.08115	0.3965	0.6831	-0.1509	0.000539	0.0786187132468754
rs78329225	0.1112	-0.1547	-0.1336	0.9347	4.405e-05	0.112295888446547
rs55668272	0.01102	0.2546	-0.0473	-0.1001	0.2106	0.00479097685449498
rs12561919	0.09436	0.3175	0.7512	-0.2007	0.0001804	0.0869431405107853
rs4846044	0.007228	0.2019	-0.0899	-0.0337	0.3162	0.000868656143732491
rs4846045	0.01668	0.7024	0.3709	0.4124	0.1256	0.0109821719724265
rs1106409	0.1122	-0.138	-0.1418	0.9569	4.328e-05	0.115705686964993
rs9727993	0.1211	0.813	0.4642	-0.1693	1.913e-05	0.10146730204656
rs4846047	0.001851	0.5977	-0.2	0.5318	0.6087	0.00678030565133303
rs12135232	0.01814	0.6814	-0.096	-0.0532	0.1088	0.0167597960307589
rs10864543	0.01864	0.6778	0.3865	0.4	0.1028	0.0114711379975828
rs41275464	0.113	-0.1298	-0.139	0.911	4.602e-05	0.105263937500895
rs41275466	4.086e-05	-0.0357	0.0541	-0.0676	0.9396	0.000630006994606241
rs59375726	0.01456	0.7021	-0.1272	-0.0491	0.1527	0.0156786822325437
rs1057624	0.01569	0.2452	-0.0387	-0.0936	0.1361	0.00454506958821078
rs3737966	0.01943	0.6578	0.4187	0.378	0.1069	0.0136787018950082
rs11559040	0.03607	0.7992	-0.1401	-0.0757	0.02513	0.0223225389388592
rs4846049	0.1026	0.7632	0.4474	-0.1828	0.0001082	0.0952883348772706
rs35737219	0.000469	0.0484	-0.1087	-0.0282	0.8009	5.02847094571e-05
rs3818762	0.1178	0.6895	0.5355	-0.1502	2.715e-05	0.0928452279976929
rs55686944	0.05378	-0.1182	-0.1271	0.8092	0.005659	0.0838704971291397
rs1476413	0.1193	0.7046	0.5231	-0.1449	2.241e-05	0.0920002719849981
rs1801131	0.1056	0.751	0.4859	-0.224	8.95e-05	0.107036524672601
rs12121543	0.07754	0.6626	0.6347	-0.1839	0.00128	0.110233626373365
rs1994798	0.01295	0.6344	0.3307	0.4016	0.1807	0.00724894753557401
rs6541003	0.008933	0.6457	0.3396	0.4078	0.2598	0.00767874446072187
rs45495691	0.112	-0.1501	-0.1354	0.9556	4.39e-05	0.116088430167248
rs1801133	0.01052	-0.4164	-0.3504	-0.2715	0.2213	0.00709627076000227
rs45475403	0.0008848	0.1364	-0.0866	-0.0814	0.7243	0.000968409264138023
rs7537955	0.01407	0.4781	-0.206	0.5966	0.1612	0.0160149341139891
rs6541006	0.000216	0.1348	-0.0882	-0.0502	0.8627	0.000453792223756018
rs1572151	0.1114	-0.11	-0.14	0.9569	4.355e-05	0.111658907605084
rs17421511	0.02249	0.7002	-0.1226	-0.0736	0.0738	0.0177056234121662
rs45608437	0.02185	0.6693	-0.0957	-0.0436	0.08243	0.015451729000938
rs17037388	0.06619	0.2411	0.6974	-0.1921	0.001996	0.0700794095266725
rs17421560	0.09384	0.1924	1	-0.1729	0.0001984	0.101752804269735
rs72640233	0.0005293	-0.0939	0.0014	0.0065	0.7896	0.000412806227518775
rs11121832	0.01361	0.4996	-0.2158	0.6032	0.1669	0.0159883616309469
rs35593468	0.01681	0.2186	-0.0498	-0.1026	0.1241	0.00386755392882462
rs45603435	0.06773	0.2319	0.6883	-0.1951	0.001694	0.068473359662794
rs17037397	0.01354	-0.1567	0.642	-0.0771	0.1664	0.0193076125783089
rs9651118	9.984e-05	-0.2361	-0.02	-0.1211	0.9071	0.00026496636987333
rs17367504	0.07186	0.2229	0.6927	-0.1979	0.001161	0.0684918804620044
rs2066470	0.1006	0.1776	1	-0.1768	0.0001073	0.1006
rs3753587	0.02517	0.6851	-0.0904	-0.0778	0.05752	0.0192333354000328
rs3753586	0.01891	-0.1682	0.6558	-0.0844	0.1003	0.0201546648717213
rs45594036	0.001396	0.121	-0.0926	-0.0872	0.6566	0.000804481697894621
rs3737964	0.01318	0.4945	-0.1963	0.599	0.1706	0.014822768619479
rs4846054	0.01942	0.6761	0.3847	0.3985	0.09697	0.0114039091211989
rs75800607	0.01213	0.2287	-0.0579	-0.1088	0.1903	0.00411603242148312
rs17037425	0.1071	0.2888	0.7644	-0.2139	6.617e-05	0.087635361032
rs6658684	0.009819	0.6457	0.341	0.4094	0.239	0.00765314619721671
rs12123964	0.02039	0.7068	-0.1226	-0.0648	0.08885	0.017372422901421
rs12406667	0.01141	0.6301	0.3591	0.4	0.2041	0.00833256745424051
rs61776077	0.006484	0.1405	0.0557	0.0519	0.346	0.000658482955672082
rs114083374	0.09437	0.1591	0.9777	-0.1844	0.00019	0.0964588404677698
rs198394	0.129	-0.082	-0.1831	1	9.801e-06	0.123265172282809
rs198396	0.01126	0.4918	-0.1941	0.5967	0.2072	0.0146672828539196
rs144968234	0.01183	-0.1123	-0.0723	-0.0692	0.2009	0.000353042105840515
rs41275480	0.002569	0.1557	-0.0755	0.0525	0.5638	2.7476597285565e-06
rs112521149	0.03086	0.0859	0.4507	-0.1514	0.03858	0.0272595111699256
rs35983202	0.02364	0.691	-0.0924	-0.0708	0.06672	0.0188659375287317
rs34783459	0.01455	0.4736	-0.1816	0.6179	0.1557	0.0164016125426326
rs74720509	8.765e-05	-0.035	0.0598	-0.0692	0.9126	0.00073001626525388
rs198402	0.06453	0.022	-0.208	0.7061	0.002123	0.0625328639368387
rs198406	0.005774	0.6474	0.3307	0.4246	0.3654	0.00656176713955438
rs1023252	0.09839	0.7089	0.5577	-0.1532	0.000129	0.0989481569994399
rs17350396	0.01521	0.7084	-0.1265	-0.0423	0.1408	0.0155358573248356
rs41300098	0.000506	-0.1342	-0.1169	-0.112	0.7957	0.00043654402946479
rs34710782	0.02154	0.7066	-0.1501	-0.1033	0.07921	0.0186883235895745
rs198358	0.0003263	0.1379	0.4761	0.5138	0.8299	0.000177543949997615
rs198359	0.06692	0.0146	-0.2051	0.7148	0.001812	0.0642222696590652
rs61764037	0.001039	0.1095	-0.0866	-0.0814	0.7023	0.000663135179409672
rs61764040	0.01403	-0.1085	-0.067	0.0216	0.1604	0.00188196236161328
rs198361	0.06077	0.0042	-0.177	0.7056	0.002999	0.0606840639783688
rs61764044	0.0791	0.3922	0.6708	-0.1461	0.0006675	0.0757893547064707
rs5068	0.07867	0.3914	0.6705	-0.1473	0.0007224	0.0758568173375096
rs5067	0.06133	3e-04	-0.1744	0.7061	0.002766	0.060845054200991
rs5066	0.002157	0.0903	-0.0448	-0.0872	0.5804	0.0011043176215751
rs12744433	0.004259	0.0808	-0.0328	-0.0828	0.4403	0.0010763690041331
rs198365	0.03104	-0.0033	-0.1058	0.5301	0.04332	0.0324388700910231
rs198367	0.03853	0.0544	-0.144	0.7571	0.02151	0.0594402270969903
rs12744757	0.009075	0.1141	-0.0125	-0.1162	0.2646	0.00290471463281904
rs198368	0.1209	-0.0723	-0.1768	1	2.401e-05	0.1209
rs198369	0.008117	0.6387	0.3813	0.4201	0.3043	0.00850516816261043
rs5064	0.1177	-0.0446	-0.1641	1	3.79e-05	0.115096167277692
rs17376426	0.01821	0.1342	0.1458	-0.1091	0.12	0.00850782861168217
rs198372	0.0008421	0.136	-0.0555	0.4338	0.7299	0.0126704063424235
rs198373	0.001568	0.1272	-0.0503	0.4447	0.6387	0.0135285817050598
rs61757273	0.002549	-0.1708	0.5954	-0.0594	0.5507	0.0144578669462844
rs2981954	0.003066	0.1333	-0.041	0.4406	0.5158	0.0124895049540497
rs6668352	0.0198	0.5007	0.4762	-0.011	0.1103	0.0452239523670275
rs198379	0.02628	0.4941	0.3037	0.3011	0.05478	0.00645481481007629
rs198380	0.004855	0.1462	-0.0071	0.4283	0.4134	0.00956211738446208
rs61761981	0.07475	-0.0894	-0.0926	0.5005	0.0009946	0.0344442689883845
rs549596	0.007231	0.4588	0.2732	0.4318	0.3126	0.00078612668406561
rs198386	0.03331	-0.2979	-0.2921	-0.1551	0.03769	0.00660061992114995
rs198388	0.005027	0.462	0.2756	0.4331	0.3984	0.000832213398022072
rs6541007	0.06764	-0.1083	-0.101	0.5211	0.001707	0.0389363767732976
rs35690395	0.01012	0.2845	0.0545	-0.067	0.2303	0.00790532727659105
rs198389	0.03307	0.5475	0.3116	0.2594	0.0303	0.0110285350135805
rs3753581	0.01338	0.5647	0.3099	0.1337	0.1704	0.0209785700135388
rs12406089	0.0404	0.6019	0.3433	-0.0424	0.01685	0.0447215051975009
rs12402363	0.02353	0.5294	0.3916	-0.0109	0.0694	0.039560797846718
rs61776108	0.002405	0.3042	0.0987	0.0141	0.5707	0.00628499443126135
